2017-01-25 01:28:44.666763 # on Pranaabs-MacBook-Pro.local: deepdive do review_sentiment
2017-01-25 01:28:44.667088 # run/20170125/012842.028507000/plan.sh
2017-01-25 01:28:44.667123 # execution plan for data/review_sentiment
2017-01-25 01:28:44.667149 
2017-01-25 01:28:44.667176 : ## process/init/app ##########################################################
2017-01-25 01:28:44.667200 : # Done: 2017-01-25T01:27:57-0500 (45s ago)
2017-01-25 01:28:44.667222 : process/init/app/run.sh
2017-01-25 01:28:44.667244 : mark_done process/init/app
2017-01-25 01:28:44.667265 : ##############################################################################
2017-01-25 01:28:44.667290 
2017-01-25 01:28:44.667313 : ## process/init/relation/reviews #############################################
2017-01-25 01:28:44.667337 : # Done: 2017-01-25T01:27:57-0500 (45s ago)
2017-01-25 01:28:44.667372 : process/init/relation/reviews/run.sh
2017-01-25 01:28:44.667414 : mark_done process/init/relation/reviews
2017-01-25 01:28:44.667480 : ##############################################################################
2017-01-25 01:28:44.667541 
2017-01-25 01:28:44.667591 : ## data/reviews ##############################################################
2017-01-25 01:28:44.667636 : # Done: 2017-01-25T01:27:57-0500 (45s ago)
2017-01-25 01:28:44.667674 : # no-op
2017-01-25 01:28:44.667720 : mark_done data/reviews
2017-01-25 01:28:44.667768 : ##############################################################################
2017-01-25 01:28:44.667803 
2017-01-25 01:28:44.667937 : ## process/init/relation/sentiments ##########################################
2017-01-25 01:28:44.667962 : # Done: 2017-01-25T01:27:57-0500 (45s ago)
2017-01-25 01:28:44.667997 : process/init/relation/sentiments/run.sh
2017-01-25 01:28:44.668022 : mark_done process/init/relation/sentiments
2017-01-25 01:28:44.668044 : ##############################################################################
2017-01-25 01:28:44.668066 
2017-01-25 01:28:44.668095 : ## data/sentiments ###########################################################
2017-01-25 01:28:44.668116 : # Done: 2017-01-25T01:27:57-0500 (45s ago)
2017-01-25 01:28:44.668142 : # no-op
2017-01-25 01:28:44.668170 : mark_done data/sentiments
2017-01-25 01:28:44.668189 : ##############################################################################
2017-01-25 01:28:44.668208 
2017-01-25 01:28:44.668231 ## process/ext_review_sentiment ##############################################
2017-01-25 01:28:44.668272 # Done: N/A
2017-01-25 01:28:44.668309 process/ext_review_sentiment/run.sh
2017-01-25 01:28:44.668333 ++ dirname process/ext_review_sentiment/run.sh
2017-01-25 01:28:44.668355 + cd process/ext_review_sentiment
2017-01-25 01:28:44.668379 + export DEEPDIVE_CURRENT_PROCESS_NAME=process/ext_review_sentiment
2017-01-25 01:28:44.668409 + DEEPDIVE_CURRENT_PROCESS_NAME=process/ext_review_sentiment
2017-01-25 01:28:44.668440 + deepdive create table review_sentiment
2017-01-25 01:28:44.790072 CREATE TABLE
2017-01-25 01:28:44.791695 + deepdive sql 'INSERT INTO review_sentiment SELECT DISTINCT DISTINCT R0.review_id, R1.sentiment, 0 AS id, NULL AS label
2017-01-25 01:28:44.791748           FROM reviews R0, sentiments R1
2017-01-25 01:28:44.791768         
2017-01-25 01:28:44.791786           '
2017-01-25 01:28:44.878829 ERROR:  syntax error at or near "DISTINCT"
2017-01-25 01:28:44.878911 LINE 1: INSERT INTO review_sentiment SELECT DISTINCT DISTINCT R0.rev...
2017-01-25 01:28:44.878955                                                      ^
